! temperature
2.878000e+02 2.877000e+02 2.877000e+02 2.876000e+02 2.875000e+02 2.874000e+02 2.873000e+02 2.872000e+02 2.870000e+02 2.868000e+02 2.866000e+02 2.864000e+02 2.861000e+02 2.858000e+02 2.855000e+02 2.852000e+02 2.848000e+02 2.844000e+02 2.840000e+02 2.835000e+02 2.831000e+02 2.825000e+02 2.820000e+02 2.814000e+02 2.808000e+02 2.802000e+02 2.795000e+02 2.788000e+02 2.780000e+02 2.772000e+02 2.764000e+02 2.755000e+02 2.746000e+02 2.736000e+02 2.726000e+02 2.715000e+02 2.703000e+02 2.691000e+02 2.678000e+02 2.664000e+02 2.650000e+02 2.636000e+02 2.622000e+02 2.607000e+02 2.593000e+02 2.593000e+02 2.607000e+02 2.622000e+02 2.636000e+02 2.650000e+02 2.664000e+02 2.678000e+02 2.691000e+02 2.703000e+02 2.715000e+02 2.726000e+02 2.736000e+02 2.746000e+02 2.755000e+02 2.764000e+02 2.772000e+02 2.780000e+02 2.788000e+02 2.795000e+02 2.802000e+02 2.808000e+02 2.814000e+02 2.820000e+02 2.825000e+02 2.831000e+02 2.835000e+02 2.840000e+02 2.844000e+02 2.848000e+02 2.852000e+02 2.855000e+02 2.858000e+02 2.861000e+02 2.864000e+02 2.866000e+02 2.868000e+02 2.870000e+02 2.872000e+02 2.873000e+02 2.874000e+02 2.875000e+02 2.876000e+02 2.877000e+02 2.877000e+02 2.878000e+02 
2.779000e+02 2.779000e+02 2.778000e+02 2.778000e+02 2.777000e+02 2.776000e+02 2.774000e+02 2.773000e+02 2.771000e+02 2.769000e+02 2.767000e+02 2.765000e+02 2.762000e+02 2.759000e+02 2.756000e+02 2.753000e+02 2.749000e+02 2.745000e+02 2.741000e+02 2.737000e+02 2.732000e+02 2.727000e+02 2.722000e+02 2.716000e+02 2.710000e+02 2.704000e+02 2.697000e+02 2.690000e+02 2.682000e+02 2.675000e+02 2.667000e+02 2.658000e+02 2.649000e+02 2.640000e+02 2.630000e+02 2.620000e+02 2.609000e+02 2.598000e+02 2.587000e+02 2.576000e+02 2.566000e+02 2.558000e+02 2.549000e+02 2.542000e+02 2.537000e+02 2.537000e+02 2.542000e+02 2.549000e+02 2.558000e+02 2.566000e+02 2.576000e+02 2.587000e+02 2.598000e+02 2.609000e+02 2.620000e+02 2.630000e+02 2.640000e+02 2.649000e+02 2.658000e+02 2.667000e+02 2.675000e+02 2.682000e+02 2.690000e+02 2.697000e+02 2.704000e+02 2.710000e+02 2.716000e+02 2.722000e+02 2.727000e+02 2.732000e+02 2.737000e+02 2.741000e+02 2.745000e+02 2.749000e+02 2.753000e+02 2.756000e+02 2.759000e+02 2.762000e+02 2.765000e+02 2.767000e+02 2.769000e+02 2.771000e+02 2.773000e+02 2.774000e+02 2.776000e+02 2.777000e+02 2.778000e+02 2.778000e+02 2.779000e+02 2.779000e+02 
2.680000e+02 2.680000e+02 2.680000e+02 2.679000e+02 2.678000e+02 2.677000e+02 2.676000e+02 2.674000e+02 2.673000e+02 2.671000e+02 2.669000e+02 2.666000e+02 2.664000e+02 2.661000e+02 2.658000e+02 2.655000e+02 2.651000e+02 2.647000e+02 2.643000e+02 2.639000e+02 2.634000e+02 2.629000e+02 2.624000e+02 2.618000e+02 2.612000e+02 2.606000e+02 2.599000e+02 2.593000e+02 2.585000e+02 2.578000e+02 2.570000e+02 2.562000e+02 2.553000e+02 2.545000e+02 2.535000e+02 2.526000e+02 2.516000e+02 2.507000e+02 2.497000e+02 2.488000e+02 2.481000e+02 2.475000e+02 2.469000e+02 2.465000e+02 2.464000e+02 2.464000e+02 2.465000e+02 2.469000e+02 2.475000e+02 2.481000e+02 2.488000e+02 2.497000e+02 2.507000e+02 2.516000e+02 2.526000e+02 2.535000e+02 2.545000e+02 2.553000e+02 2.562000e+02 2.570000e+02 2.578000e+02 2.585000e+02 2.593000e+02 2.599000e+02 2.606000e+02 2.612000e+02 2.618000e+02 2.624000e+02 2.629000e+02 2.634000e+02 2.639000e+02 2.643000e+02 2.647000e+02 2.651000e+02 2.655000e+02 2.658000e+02 2.661000e+02 2.664000e+02 2.666000e+02 2.669000e+02 2.671000e+02 2.673000e+02 2.674000e+02 2.676000e+02 2.677000e+02 2.678000e+02 2.679000e+02 2.680000e+02 2.680000e+02 2.680000e+02 
2.582000e+02 2.582000e+02 2.581000e+02 2.581000e+02 2.580000e+02 2.579000e+02 2.578000e+02 2.576000e+02 2.575000e+02 2.573000e+02 2.571000e+02 2.568000e+02 2.566000e+02 2.563000e+02 2.560000e+02 2.557000e+02 2.553000e+02 2.549000e+02 2.545000e+02 2.541000e+02 2.536000e+02 2.531000e+02 2.526000e+02 2.521000e+02 2.515000e+02 2.509000e+02 2.503000e+02 2.496000e+02 2.489000e+02 2.482000e+02 2.474000e+02 2.467000e+02 2.459000e+02 2.450000e+02 2.442000e+02 2.433000e+02 2.425000e+02 2.417000e+02 2.409000e+02 2.401000e+02 2.395000e+02 2.390000e+02 2.387000e+02 2.385000e+02 2.385000e+02 2.385000e+02 2.385000e+02 2.387000e+02 2.390000e+02 2.395000e+02 2.401000e+02 2.409000e+02 2.417000e+02 2.425000e+02 2.433000e+02 2.442000e+02 2.450000e+02 2.459000e+02 2.467000e+02 2.474000e+02 2.482000e+02 2.489000e+02 2.496000e+02 2.503000e+02 2.509000e+02 2.515000e+02 2.521000e+02 2.526000e+02 2.531000e+02 2.536000e+02 2.541000e+02 2.545000e+02 2.549000e+02 2.553000e+02 2.557000e+02 2.560000e+02 2.563000e+02 2.566000e+02 2.568000e+02 2.571000e+02 2.573000e+02 2.575000e+02 2.576000e+02 2.578000e+02 2.579000e+02 2.580000e+02 2.581000e+02 2.581000e+02 2.582000e+02 2.582000e+02 
2.484000e+02 2.484000e+02 2.483000e+02 2.483000e+02 2.482000e+02 2.481000e+02 2.480000e+02 2.478000e+02 2.477000e+02 2.475000e+02 2.473000e+02 2.470000e+02 2.468000e+02 2.465000e+02 2.462000e+02 2.459000e+02 2.456000e+02 2.452000e+02 2.448000e+02 2.444000e+02 2.439000e+02 2.434000e+02 2.429000e+02 2.424000e+02 2.418000e+02 2.412000e+02 2.406000e+02 2.400000e+02 2.393000e+02 2.386000e+02 2.379000e+02 2.372000e+02 2.365000e+02 2.357000e+02 2.350000e+02 2.342000e+02 2.334000e+02 2.327000e+02 2.320000e+02 2.314000e+02 2.310000e+02 2.306000e+02 2.304000e+02 2.303000e+02 2.304000e+02 2.304000e+02 2.303000e+02 2.304000e+02 2.306000e+02 2.310000e+02 2.314000e+02 2.320000e+02 2.327000e+02 2.334000e+02 2.342000e+02 2.350000e+02 2.357000e+02 2.365000e+02 2.372000e+02 2.379000e+02 2.386000e+02 2.393000e+02 2.400000e+02 2.406000e+02 2.412000e+02 2.418000e+02 2.424000e+02 2.429000e+02 2.434000e+02 2.439000e+02 2.444000e+02 2.448000e+02 2.452000e+02 2.456000e+02 2.459000e+02 2.462000e+02 2.465000e+02 2.468000e+02 2.470000e+02 2.473000e+02 2.475000e+02 2.477000e+02 2.478000e+02 2.480000e+02 2.481000e+02 2.482000e+02 2.483000e+02 2.483000e+02 2.484000e+02 2.484000e+02 
2.386000e+02 2.386000e+02 2.385000e+02 2.385000e+02 2.384000e+02 2.383000e+02 2.382000e+02 2.381000e+02 2.379000e+02 2.377000e+02 2.375000e+02 2.373000e+02 2.370000e+02 2.368000e+02 2.365000e+02 2.362000e+02 2.358000e+02 2.355000e+02 2.351000e+02 2.347000e+02 2.342000e+02 2.338000e+02 2.333000e+02 2.327000e+02 2.322000e+02 2.316000e+02 2.311000e+02 2.305000e+02 2.298000e+02 2.292000e+02 2.285000e+02 2.278000e+02 2.272000e+02 2.265000e+02 2.258000e+02 2.251000e+02 2.244000e+02 2.238000e+02 2.233000e+02 2.228000e+02 2.224000e+02 2.221000e+02 2.220000e+02 2.220000e+02 2.221000e+02 2.221000e+02 2.220000e+02 2.220000e+02 2.221000e+02 2.224000e+02 2.228000e+02 2.233000e+02 2.238000e+02 2.244000e+02 2.251000e+02 2.258000e+02 2.265000e+02 2.272000e+02 2.278000e+02 2.285000e+02 2.292000e+02 2.298000e+02 2.305000e+02 2.311000e+02 2.316000e+02 2.322000e+02 2.327000e+02 2.333000e+02 2.338000e+02 2.342000e+02 2.347000e+02 2.351000e+02 2.355000e+02 2.358000e+02 2.362000e+02 2.365000e+02 2.368000e+02 2.370000e+02 2.373000e+02 2.375000e+02 2.377000e+02 2.379000e+02 2.381000e+02 2.382000e+02 2.383000e+02 2.384000e+02 2.385000e+02 2.385000e+02 2.386000e+02 2.386000e+02 
2.288000e+02 2.288000e+02 2.288000e+02 2.287000e+02 2.287000e+02 2.286000e+02 2.284000e+02 2.283000e+02 2.281000e+02 2.280000e+02 2.278000e+02 2.276000e+02 2.273000e+02 2.271000e+02 2.268000e+02 2.265000e+02 2.261000e+02 2.258000e+02 2.254000e+02 2.250000e+02 2.246000e+02 2.241000e+02 2.236000e+02 2.232000e+02 2.226000e+02 2.221000e+02 2.215000e+02 2.210000e+02 2.204000e+02 2.198000e+02 2.192000e+02 2.185000e+02 2.179000e+02 2.173000e+02 2.167000e+02 2.161000e+02 2.155000e+02 2.150000e+02 2.145000e+02 2.141000e+02 2.138000e+02 2.136000e+02 2.135000e+02 2.136000e+02 2.137000e+02 2.137000e+02 2.136000e+02 2.135000e+02 2.136000e+02 2.138000e+02 2.141000e+02 2.145000e+02 2.150000e+02 2.155000e+02 2.161000e+02 2.167000e+02 2.173000e+02 2.179000e+02 2.185000e+02 2.192000e+02 2.198000e+02 2.204000e+02 2.210000e+02 2.215000e+02 2.221000e+02 2.226000e+02 2.232000e+02 2.236000e+02 2.241000e+02 2.246000e+02 2.250000e+02 2.254000e+02 2.258000e+02 2.261000e+02 2.265000e+02 2.268000e+02 2.271000e+02 2.273000e+02 2.276000e+02 2.278000e+02 2.280000e+02 2.281000e+02 2.283000e+02 2.284000e+02 2.286000e+02 2.287000e+02 2.287000e+02 2.288000e+02 2.288000e+02 2.288000e+02 
2.191000e+02 2.191000e+02 2.191000e+02 2.190000e+02 2.189000e+02 2.188000e+02 2.187000e+02 2.186000e+02 2.184000e+02 2.183000e+02 2.181000e+02 2.179000e+02 2.176000e+02 2.174000e+02 2.171000e+02 2.168000e+02 2.165000e+02 2.161000e+02 2.158000e+02 2.154000e+02 2.150000e+02 2.145000e+02 2.141000e+02 2.136000e+02 2.131000e+02 2.126000e+02 2.121000e+02 2.115000e+02 2.110000e+02 2.104000e+02 2.099000e+02 2.093000e+02 2.087000e+02 2.082000e+02 2.076000e+02 2.071000e+02 2.066000e+02 2.061000e+02 2.057000e+02 2.054000e+02 2.052000e+02 2.050000e+02 2.050000e+02 2.051000e+02 2.052000e+02 2.052000e+02 2.051000e+02 2.050000e+02 2.050000e+02 2.052000e+02 2.054000e+02 2.057000e+02 2.061000e+02 2.066000e+02 2.071000e+02 2.076000e+02 2.082000e+02 2.087000e+02 2.093000e+02 2.099000e+02 2.104000e+02 2.110000e+02 2.115000e+02 2.121000e+02 2.126000e+02 2.131000e+02 2.136000e+02 2.141000e+02 2.145000e+02 2.150000e+02 2.154000e+02 2.158000e+02 2.161000e+02 2.165000e+02 2.168000e+02 2.171000e+02 2.174000e+02 2.176000e+02 2.179000e+02 2.181000e+02 2.183000e+02 2.184000e+02 2.186000e+02 2.187000e+02 2.188000e+02 2.189000e+02 2.190000e+02 2.191000e+02 2.191000e+02 2.191000e+02 
2.094000e+02 2.094000e+02 2.093000e+02 2.093000e+02 2.092000e+02 2.091000e+02 2.090000e+02 2.089000e+02 2.087000e+02 2.086000e+02 2.084000e+02 2.082000e+02 2.080000e+02 2.077000e+02 2.074000e+02 2.071000e+02 2.068000e+02 2.065000e+02 2.062000e+02 2.058000e+02 2.054000e+02 2.050000e+02 2.045000e+02 2.041000e+02 2.036000e+02 2.032000e+02 2.027000e+02 2.022000e+02 2.017000e+02 2.011000e+02 2.006000e+02 2.001000e+02 1.996000e+02 1.991000e+02 1.986000e+02 1.981000e+02 1.977000e+02 1.973000e+02 1.970000e+02 1.967000e+02 1.965000e+02 1.965000e+02 1.965000e+02 1.966000e+02 1.967000e+02 1.967000e+02 1.966000e+02 1.965000e+02 1.965000e+02 1.965000e+02 1.967000e+02 1.970000e+02 1.973000e+02 1.977000e+02 1.981000e+02 1.986000e+02 1.991000e+02 1.996000e+02 2.001000e+02 2.006000e+02 2.011000e+02 2.017000e+02 2.022000e+02 2.027000e+02 2.032000e+02 2.036000e+02 2.041000e+02 2.045000e+02 2.050000e+02 2.054000e+02 2.058000e+02 2.062000e+02 2.065000e+02 2.068000e+02 2.071000e+02 2.074000e+02 2.077000e+02 2.080000e+02 2.082000e+02 2.084000e+02 2.086000e+02 2.087000e+02 2.089000e+02 2.090000e+02 2.091000e+02 2.092000e+02 2.093000e+02 2.093000e+02 2.094000e+02 2.094000e+02 
1.997000e+02 1.997000e+02 1.997000e+02 1.996000e+02 1.995000e+02 1.995000e+02 1.993000e+02 1.992000e+02 1.991000e+02 1.989000e+02 1.987000e+02 1.985000e+02 1.983000e+02 1.981000e+02 1.978000e+02 1.975000e+02 1.972000e+02 1.969000e+02 1.966000e+02 1.962000e+02 1.959000e+02 1.955000e+02 1.951000e+02 1.946000e+02 1.942000e+02 1.937000e+02 1.933000e+02 1.928000e+02 1.924000e+02 1.919000e+02 1.914000e+02 1.910000e+02 1.905000e+02 1.901000e+02 1.896000e+02 1.892000e+02 1.889000e+02 1.885000e+02 1.883000e+02 1.880000e+02 1.879000e+02 1.879000e+02 1.879000e+02 1.880000e+02 1.881000e+02 1.881000e+02 1.880000e+02 1.879000e+02 1.879000e+02 1.879000e+02 1.880000e+02 1.883000e+02 1.885000e+02 1.889000e+02 1.892000e+02 1.896000e+02 1.901000e+02 1.905000e+02 1.910000e+02 1.914000e+02 1.919000e+02 1.924000e+02 1.928000e+02 1.933000e+02 1.937000e+02 1.942000e+02 1.946000e+02 1.951000e+02 1.955000e+02 1.959000e+02 1.962000e+02 1.966000e+02 1.969000e+02 1.972000e+02 1.975000e+02 1.978000e+02 1.981000e+02 1.983000e+02 1.985000e+02 1.987000e+02 1.989000e+02 1.991000e+02 1.992000e+02 1.993000e+02 1.995000e+02 1.995000e+02 1.996000e+02 1.997000e+02 1.997000e+02 1.997000e+02 
1.901000e+02 1.900000e+02 1.900000e+02 1.900000e+02 1.899000e+02 1.898000e+02 1.897000e+02 1.896000e+02 1.894000e+02 1.893000e+02 1.891000e+02 1.889000e+02 1.887000e+02 1.885000e+02 1.882000e+02 1.880000e+02 1.877000e+02 1.874000e+02 1.870000e+02 1.867000e+02 1.864000e+02 1.860000e+02 1.856000e+02 1.852000e+02 1.848000e+02 1.844000e+02 1.840000e+02 1.835000e+02 1.831000e+02 1.827000e+02 1.823000e+02 1.819000e+02 1.815000e+02 1.811000e+02 1.807000e+02 1.803000e+02 1.800000e+02 1.798000e+02 1.795000e+02 1.794000e+02 1.793000e+02 1.793000e+02 1.793000e+02 1.794000e+02 1.795000e+02 1.795000e+02 1.794000e+02 1.793000e+02 1.793000e+02 1.793000e+02 1.794000e+02 1.795000e+02 1.798000e+02 1.800000e+02 1.803000e+02 1.807000e+02 1.811000e+02 1.815000e+02 1.819000e+02 1.823000e+02 1.827000e+02 1.831000e+02 1.835000e+02 1.840000e+02 1.844000e+02 1.848000e+02 1.852000e+02 1.856000e+02 1.860000e+02 1.864000e+02 1.867000e+02 1.870000e+02 1.874000e+02 1.877000e+02 1.880000e+02 1.882000e+02 1.885000e+02 1.887000e+02 1.889000e+02 1.891000e+02 1.893000e+02 1.894000e+02 1.896000e+02 1.897000e+02 1.898000e+02 1.899000e+02 1.900000e+02 1.900000e+02 1.900000e+02 1.901000e+02 
1.804000e+02 1.804000e+02 1.804000e+02 1.803000e+02 1.803000e+02 1.802000e+02 1.801000e+02 1.800000e+02 1.798000e+02 1.797000e+02 1.795000e+02 1.793000e+02 1.791000e+02 1.789000e+02 1.787000e+02 1.784000e+02 1.781000e+02 1.779000e+02 1.775000e+02 1.772000e+02 1.769000e+02 1.765000e+02 1.762000e+02 1.758000e+02 1.754000e+02 1.750000e+02 1.747000e+02 1.743000e+02 1.739000e+02 1.735000e+02 1.731000e+02 1.728000e+02 1.724000e+02 1.721000e+02 1.718000e+02 1.715000e+02 1.712000e+02 1.710000e+02 1.708000e+02 1.707000e+02 1.706000e+02 1.706000e+02 1.707000e+02 1.708000e+02 1.709000e+02 1.709000e+02 1.708000e+02 1.707000e+02 1.706000e+02 1.706000e+02 1.707000e+02 1.708000e+02 1.710000e+02 1.712000e+02 1.715000e+02 1.718000e+02 1.721000e+02 1.724000e+02 1.728000e+02 1.731000e+02 1.735000e+02 1.739000e+02 1.743000e+02 1.747000e+02 1.750000e+02 1.754000e+02 1.758000e+02 1.762000e+02 1.765000e+02 1.769000e+02 1.772000e+02 1.775000e+02 1.779000e+02 1.781000e+02 1.784000e+02 1.787000e+02 1.789000e+02 1.791000e+02 1.793000e+02 1.795000e+02 1.797000e+02 1.798000e+02 1.800000e+02 1.801000e+02 1.802000e+02 1.803000e+02 1.803000e+02 1.804000e+02 1.804000e+02 1.804000e+02 
1.708000e+02 1.708000e+02 1.708000e+02 1.707000e+02 1.707000e+02 1.706000e+02 1.705000e+02 1.704000e+02 1.703000e+02 1.701000e+02 1.699000e+02 1.698000e+02 1.696000e+02 1.694000e+02 1.691000e+02 1.689000e+02 1.686000e+02 1.684000e+02 1.681000e+02 1.678000e+02 1.675000e+02 1.671000e+02 1.668000e+02 1.664000e+02 1.661000e+02 1.658000e+02 1.654000e+02 1.651000e+02 1.647000e+02 1.644000e+02 1.641000e+02 1.637000e+02 1.634000e+02 1.631000e+02 1.629000e+02 1.626000e+02 1.624000e+02 1.622000e+02 1.621000e+02 1.620000e+02 1.620000e+02 1.620000e+02 1.621000e+02 1.622000e+02 1.622000e+02 1.622000e+02 1.622000e+02 1.621000e+02 1.620000e+02 1.620000e+02 1.620000e+02 1.621000e+02 1.622000e+02 1.624000e+02 1.626000e+02 1.629000e+02 1.631000e+02 1.634000e+02 1.637000e+02 1.641000e+02 1.644000e+02 1.647000e+02 1.651000e+02 1.654000e+02 1.658000e+02 1.661000e+02 1.664000e+02 1.668000e+02 1.671000e+02 1.675000e+02 1.678000e+02 1.681000e+02 1.684000e+02 1.686000e+02 1.689000e+02 1.691000e+02 1.694000e+02 1.696000e+02 1.698000e+02 1.699000e+02 1.701000e+02 1.703000e+02 1.704000e+02 1.705000e+02 1.706000e+02 1.707000e+02 1.707000e+02 1.708000e+02 1.708000e+02 1.708000e+02 
1.612000e+02 1.612000e+02 1.612000e+02 1.612000e+02 1.611000e+02 1.610000e+02 1.609000e+02 1.608000e+02 1.607000e+02 1.606000e+02 1.604000e+02 1.602000e+02 1.601000e+02 1.599000e+02 1.596000e+02 1.594000e+02 1.592000e+02 1.589000e+02 1.586000e+02 1.583000e+02 1.581000e+02 1.577000e+02 1.574000e+02 1.571000e+02 1.568000e+02 1.565000e+02 1.562000e+02 1.559000e+02 1.556000e+02 1.553000e+02 1.550000e+02 1.547000e+02 1.545000e+02 1.542000e+02 1.540000e+02 1.538000e+02 1.536000e+02 1.535000e+02 1.534000e+02 1.533000e+02 1.533000e+02 1.533000e+02 1.534000e+02 1.535000e+02 1.536000e+02 1.536000e+02 1.535000e+02 1.534000e+02 1.533000e+02 1.533000e+02 1.533000e+02 1.534000e+02 1.535000e+02 1.536000e+02 1.538000e+02 1.540000e+02 1.542000e+02 1.545000e+02 1.547000e+02 1.550000e+02 1.553000e+02 1.556000e+02 1.559000e+02 1.562000e+02 1.565000e+02 1.568000e+02 1.571000e+02 1.574000e+02 1.577000e+02 1.581000e+02 1.583000e+02 1.586000e+02 1.589000e+02 1.592000e+02 1.594000e+02 1.596000e+02 1.599000e+02 1.601000e+02 1.602000e+02 1.604000e+02 1.606000e+02 1.607000e+02 1.608000e+02 1.609000e+02 1.610000e+02 1.611000e+02 1.612000e+02 1.612000e+02 1.612000e+02 1.612000e+02 
1.517000e+02 1.517000e+02 1.516000e+02 1.516000e+02 1.515000e+02 1.515000e+02 1.514000e+02 1.513000e+02 1.512000e+02 1.510000e+02 1.509000e+02 1.507000e+02 1.506000e+02 1.504000e+02 1.502000e+02 1.499000e+02 1.497000e+02 1.495000e+02 1.492000e+02 1.490000e+02 1.487000e+02 1.484000e+02 1.481000e+02 1.478000e+02 1.475000e+02 1.472000e+02 1.470000e+02 1.467000e+02 1.464000e+02 1.462000e+02 1.459000e+02 1.457000e+02 1.455000e+02 1.453000e+02 1.451000e+02 1.450000e+02 1.448000e+02 1.447000e+02 1.446000e+02 1.446000e+02 1.446000e+02 1.447000e+02 1.448000e+02 1.449000e+02 1.449000e+02 1.449000e+02 1.449000e+02 1.448000e+02 1.447000e+02 1.446000e+02 1.446000e+02 1.446000e+02 1.447000e+02 1.448000e+02 1.450000e+02 1.451000e+02 1.453000e+02 1.455000e+02 1.457000e+02 1.459000e+02 1.462000e+02 1.464000e+02 1.467000e+02 1.470000e+02 1.472000e+02 1.475000e+02 1.478000e+02 1.481000e+02 1.484000e+02 1.487000e+02 1.490000e+02 1.492000e+02 1.495000e+02 1.497000e+02 1.499000e+02 1.502000e+02 1.504000e+02 1.506000e+02 1.507000e+02 1.509000e+02 1.510000e+02 1.512000e+02 1.513000e+02 1.514000e+02 1.515000e+02 1.515000e+02 1.516000e+02 1.516000e+02 1.517000e+02 1.517000e+02 
1.421000e+02 1.421000e+02 1.421000e+02 1.421000e+02 1.420000e+02 1.419000e+02 1.419000e+02 1.418000e+02 1.417000e+02 1.415000e+02 1.414000e+02 1.412000e+02 1.411000e+02 1.409000e+02 1.407000e+02 1.405000e+02 1.403000e+02 1.401000e+02 1.398000e+02 1.396000e+02 1.393000e+02 1.391000e+02 1.388000e+02 1.385000e+02 1.383000e+02 1.380000e+02 1.378000e+02 1.375000e+02 1.373000e+02 1.371000e+02 1.369000e+02 1.367000e+02 1.366000e+02 1.364000e+02 1.363000e+02 1.361000e+02 1.360000e+02 1.360000e+02 1.359000e+02 1.359000e+02 1.360000e+02 1.360000e+02 1.361000e+02 1.362000e+02 1.362000e+02 1.362000e+02 1.362000e+02 1.361000e+02 1.360000e+02 1.360000e+02 1.359000e+02 1.359000e+02 1.360000e+02 1.360000e+02 1.361000e+02 1.363000e+02 1.364000e+02 1.366000e+02 1.367000e+02 1.369000e+02 1.371000e+02 1.373000e+02 1.375000e+02 1.378000e+02 1.380000e+02 1.383000e+02 1.385000e+02 1.388000e+02 1.391000e+02 1.393000e+02 1.396000e+02 1.398000e+02 1.401000e+02 1.403000e+02 1.405000e+02 1.407000e+02 1.409000e+02 1.411000e+02 1.412000e+02 1.414000e+02 1.415000e+02 1.417000e+02 1.418000e+02 1.419000e+02 1.419000e+02 1.420000e+02 1.421000e+02 1.421000e+02 1.421000e+02 1.421000e+02 
1.326000e+02 1.326000e+02 1.326000e+02 1.325000e+02 1.325000e+02 1.324000e+02 1.324000e+02 1.323000e+02 1.322000e+02 1.321000e+02 1.319000e+02 1.318000e+02 1.316000e+02 1.315000e+02 1.313000e+02 1.311000e+02 1.309000e+02 1.307000e+02 1.305000e+02 1.302000e+02 1.300000e+02 1.298000e+02 1.295000e+02 1.293000e+02 1.290000e+02 1.288000e+02 1.286000e+02 1.284000e+02 1.282000e+02 1.280000e+02 1.279000e+02 1.278000e+02 1.276000e+02 1.275000e+02 1.274000e+02 1.273000e+02 1.273000e+02 1.272000e+02 1.272000e+02 1.272000e+02 1.273000e+02 1.274000e+02 1.274000e+02 1.275000e+02 1.276000e+02 1.276000e+02 1.275000e+02 1.274000e+02 1.274000e+02 1.273000e+02 1.272000e+02 1.272000e+02 1.272000e+02 1.273000e+02 1.273000e+02 1.274000e+02 1.275000e+02 1.276000e+02 1.278000e+02 1.279000e+02 1.280000e+02 1.282000e+02 1.284000e+02 1.286000e+02 1.288000e+02 1.290000e+02 1.293000e+02 1.295000e+02 1.298000e+02 1.300000e+02 1.302000e+02 1.305000e+02 1.307000e+02 1.309000e+02 1.311000e+02 1.313000e+02 1.315000e+02 1.316000e+02 1.318000e+02 1.319000e+02 1.321000e+02 1.322000e+02 1.323000e+02 1.324000e+02 1.324000e+02 1.325000e+02 1.325000e+02 1.326000e+02 1.326000e+02 1.326000e+02 
1.231000e+02 1.231000e+02 1.231000e+02 1.231000e+02 1.230000e+02 1.230000e+02 1.229000e+02 1.228000e+02 1.227000e+02 1.226000e+02 1.225000e+02 1.223000e+02 1.222000e+02 1.220000e+02 1.219000e+02 1.217000e+02 1.215000e+02 1.213000e+02 1.211000e+02 1.209000e+02 1.207000e+02 1.205000e+02 1.202000e+02 1.200000e+02 1.198000e+02 1.196000e+02 1.194000e+02 1.193000e+02 1.191000e+02 1.190000e+02 1.189000e+02 1.188000e+02 1.187000e+02 1.186000e+02 1.186000e+02 1.185000e+02 1.185000e+02 1.185000e+02 1.185000e+02 1.185000e+02 1.186000e+02 1.187000e+02 1.188000e+02 1.189000e+02 1.189000e+02 1.189000e+02 1.189000e+02 1.188000e+02 1.187000e+02 1.186000e+02 1.185000e+02 1.185000e+02 1.185000e+02 1.185000e+02 1.185000e+02 1.186000e+02 1.186000e+02 1.187000e+02 1.188000e+02 1.189000e+02 1.190000e+02 1.191000e+02 1.193000e+02 1.194000e+02 1.196000e+02 1.198000e+02 1.200000e+02 1.202000e+02 1.205000e+02 1.207000e+02 1.209000e+02 1.211000e+02 1.213000e+02 1.215000e+02 1.217000e+02 1.219000e+02 1.220000e+02 1.222000e+02 1.223000e+02 1.225000e+02 1.226000e+02 1.227000e+02 1.228000e+02 1.229000e+02 1.230000e+02 1.230000e+02 1.231000e+02 1.231000e+02 1.231000e+02 1.231000e+02 
1.136000e+02 1.136000e+02 1.136000e+02 1.136000e+02 1.135000e+02 1.135000e+02 1.134000e+02 1.133000e+02 1.133000e+02 1.132000e+02 1.130000e+02 1.129000e+02 1.128000e+02 1.126000e+02 1.125000e+02 1.123000e+02 1.122000e+02 1.120000e+02 1.118000e+02 1.116000e+02 1.114000e+02 1.112000e+02 1.110000e+02 1.108000e+02 1.106000e+02 1.104000e+02 1.103000e+02 1.102000e+02 1.100000e+02 1.100000e+02 1.099000e+02 1.098000e+02 1.098000e+02 1.098000e+02 1.097000e+02 1.097000e+02 1.097000e+02 1.098000e+02 1.098000e+02 1.099000e+02 1.099000e+02 1.100000e+02 1.101000e+02 1.102000e+02 1.102000e+02 1.102000e+02 1.102000e+02 1.101000e+02 1.100000e+02 1.099000e+02 1.099000e+02 1.098000e+02 1.098000e+02 1.097000e+02 1.097000e+02 1.097000e+02 1.098000e+02 1.098000e+02 1.098000e+02 1.099000e+02 1.100000e+02 1.100000e+02 1.102000e+02 1.103000e+02 1.104000e+02 1.106000e+02 1.108000e+02 1.110000e+02 1.112000e+02 1.114000e+02 1.116000e+02 1.118000e+02 1.120000e+02 1.122000e+02 1.123000e+02 1.125000e+02 1.126000e+02 1.128000e+02 1.129000e+02 1.130000e+02 1.132000e+02 1.133000e+02 1.133000e+02 1.134000e+02 1.135000e+02 1.135000e+02 1.136000e+02 1.136000e+02 1.136000e+02 1.136000e+02 
1.042000e+02 1.042000e+02 1.042000e+02 1.041000e+02 1.041000e+02 1.040000e+02 1.040000e+02 1.039000e+02 1.038000e+02 1.037000e+02 1.036000e+02 1.035000e+02 1.034000e+02 1.033000e+02 1.031000e+02 1.030000e+02 1.028000e+02 1.026000e+02 1.025000e+02 1.023000e+02 1.021000e+02 1.019000e+02 1.018000e+02 1.016000e+02 1.014000e+02 1.013000e+02 1.011000e+02 1.010000e+02 1.010000e+02 1.009000e+02 1.009000e+02 1.009000e+02 1.009000e+02 1.009000e+02 1.009000e+02 1.009000e+02 1.010000e+02 1.010000e+02 1.011000e+02 1.012000e+02 1.012000e+02 1.013000e+02 1.014000e+02 1.015000e+02 1.015000e+02 1.015000e+02 1.015000e+02 1.014000e+02 1.013000e+02 1.012000e+02 1.012000e+02 1.011000e+02 1.010000e+02 1.010000e+02 1.009000e+02 1.009000e+02 1.009000e+02 1.009000e+02 1.009000e+02 1.009000e+02 1.009000e+02 1.010000e+02 1.010000e+02 1.011000e+02 1.013000e+02 1.014000e+02 1.016000e+02 1.018000e+02 1.019000e+02 1.021000e+02 1.023000e+02 1.025000e+02 1.026000e+02 1.028000e+02 1.030000e+02 1.031000e+02 1.033000e+02 1.034000e+02 1.035000e+02 1.036000e+02 1.037000e+02 1.038000e+02 1.039000e+02 1.040000e+02 1.040000e+02 1.041000e+02 1.041000e+02 1.042000e+02 1.042000e+02 1.042000e+02 
9.474000e+01 9.473000e+01 9.472000e+01 9.469000e+01 9.465000e+01 9.461000e+01 9.455000e+01 9.449000e+01 9.442000e+01 9.433000e+01 9.424000e+01 9.414000e+01 9.403000e+01 9.390000e+01 9.377000e+01 9.364000e+01 9.349000e+01 9.334000e+01 9.318000e+01 9.302000e+01 9.285000e+01 9.269000e+01 9.253000e+01 9.238000e+01 9.224000e+01 9.211000e+01 9.201000e+01 9.193000e+01 9.187000e+01 9.185000e+01 9.185000e+01 9.187000e+01 9.192000e+01 9.198000e+01 9.205000e+01 9.212000e+01 9.220000e+01 9.229000e+01 9.238000e+01 9.247000e+01 9.256000e+01 9.266000e+01 9.274000e+01 9.281000e+01 9.285000e+01 9.285000e+01 9.281000e+01 9.274000e+01 9.266000e+01 9.256000e+01 9.247000e+01 9.238000e+01 9.229000e+01 9.220000e+01 9.212000e+01 9.205000e+01 9.198000e+01 9.192000e+01 9.187000e+01 9.185000e+01 9.185000e+01 9.187000e+01 9.193000e+01 9.201000e+01 9.211000e+01 9.224000e+01 9.238000e+01 9.253000e+01 9.269000e+01 9.285000e+01 9.302000e+01 9.318000e+01 9.334000e+01 9.349000e+01 9.364000e+01 9.377000e+01 9.390000e+01 9.403000e+01 9.414000e+01 9.424000e+01 9.433000e+01 9.442000e+01 9.449000e+01 9.455000e+01 9.461000e+01 9.465000e+01 9.469000e+01 9.472000e+01 9.473000e+01 9.474000e+01 
8.531000e+01 8.531000e+01 8.529000e+01 8.527000e+01 8.523000e+01 8.519000e+01 8.514000e+01 8.509000e+01 8.502000e+01 8.495000e+01 8.486000e+01 8.477000e+01 8.467000e+01 8.456000e+01 8.444000e+01 8.432000e+01 8.418000e+01 8.405000e+01 8.390000e+01 8.376000e+01 8.361000e+01 8.346000e+01 8.332000e+01 8.318000e+01 8.306000e+01 8.295000e+01 8.287000e+01 8.281000e+01 8.278000e+01 8.278000e+01 8.281000e+01 8.287000e+01 8.296000e+01 8.306000e+01 8.318000e+01 8.330000e+01 8.342000e+01 8.354000e+01 8.365000e+01 8.376000e+01 8.387000e+01 8.397000e+01 8.406000e+01 8.413000e+01 8.416000e+01 8.416000e+01 8.413000e+01 8.406000e+01 8.397000e+01 8.387000e+01 8.376000e+01 8.365000e+01 8.354000e+01 8.342000e+01 8.330000e+01 8.318000e+01 8.306000e+01 8.296000e+01 8.287000e+01 8.281000e+01 8.278000e+01 8.278000e+01 8.281000e+01 8.287000e+01 8.295000e+01 8.306000e+01 8.318000e+01 8.332000e+01 8.346000e+01 8.361000e+01 8.376000e+01 8.390000e+01 8.405000e+01 8.418000e+01 8.432000e+01 8.444000e+01 8.456000e+01 8.467000e+01 8.477000e+01 8.486000e+01 8.495000e+01 8.502000e+01 8.509000e+01 8.514000e+01 8.519000e+01 8.523000e+01 8.527000e+01 8.529000e+01 8.531000e+01 8.531000e+01 
7.590000e+01 7.589000e+01 7.588000e+01 7.586000e+01 7.583000e+01 7.579000e+01 7.575000e+01 7.570000e+01 7.564000e+01 7.557000e+01 7.550000e+01 7.542000e+01 7.533000e+01 7.523000e+01 7.512000e+01 7.501000e+01 7.489000e+01 7.477000e+01 7.464000e+01 7.451000e+01 7.438000e+01 7.425000e+01 7.412000e+01 7.400000e+01 7.389000e+01 7.380000e+01 7.373000e+01 7.369000e+01 7.368000e+01 7.370000e+01 7.376000e+01 7.386000e+01 7.398000e+01 7.412000e+01 7.428000e+01 7.445000e+01 7.461000e+01 7.477000e+01 7.491000e+01 7.505000e+01 7.517000e+01 7.528000e+01 7.537000e+01 7.544000e+01 7.547000e+01 7.547000e+01 7.544000e+01 7.537000e+01 7.528000e+01 7.517000e+01 7.505000e+01 7.491000e+01 7.477000e+01 7.461000e+01 7.445000e+01 7.428000e+01 7.412000e+01 7.398000e+01 7.386000e+01 7.376000e+01 7.370000e+01 7.368000e+01 7.369000e+01 7.373000e+01 7.380000e+01 7.389000e+01 7.400000e+01 7.412000e+01 7.425000e+01 7.438000e+01 7.451000e+01 7.464000e+01 7.477000e+01 7.489000e+01 7.501000e+01 7.512000e+01 7.523000e+01 7.533000e+01 7.542000e+01 7.550000e+01 7.557000e+01 7.564000e+01 7.570000e+01 7.575000e+01 7.579000e+01 7.583000e+01 7.586000e+01 7.588000e+01 7.589000e+01 7.590000e+01 
6.650000e+01 6.649000e+01 6.648000e+01 6.646000e+01 6.644000e+01 6.641000e+01 6.637000e+01 6.632000e+01 6.627000e+01 6.621000e+01 6.615000e+01 6.608000e+01 6.600000e+01 6.591000e+01 6.582000e+01 6.572000e+01 6.562000e+01 6.551000e+01 6.539000e+01 6.528000e+01 6.516000e+01 6.504000e+01 6.493000e+01 6.482000e+01 6.473000e+01 6.465000e+01 6.459000e+01 6.456000e+01 6.457000e+01 6.461000e+01 6.469000e+01 6.481000e+01 6.496000e+01 6.514000e+01 6.534000e+01 6.556000e+01 6.577000e+01 6.597000e+01 6.615000e+01 6.631000e+01 6.646000e+01 6.658000e+01 6.667000e+01 6.674000e+01 6.678000e+01 6.678000e+01 6.674000e+01 6.667000e+01 6.658000e+01 6.646000e+01 6.631000e+01 6.615000e+01 6.597000e+01 6.577000e+01 6.556000e+01 6.534000e+01 6.514000e+01 6.496000e+01 6.481000e+01 6.469000e+01 6.461000e+01 6.457000e+01 6.456000e+01 6.459000e+01 6.465000e+01 6.473000e+01 6.482000e+01 6.493000e+01 6.504000e+01 6.516000e+01 6.528000e+01 6.539000e+01 6.551000e+01 6.562000e+01 6.572000e+01 6.582000e+01 6.591000e+01 6.600000e+01 6.608000e+01 6.615000e+01 6.621000e+01 6.627000e+01 6.632000e+01 6.637000e+01 6.641000e+01 6.644000e+01 6.646000e+01 6.648000e+01 6.649000e+01 6.650000e+01 
5.710000e+01 5.710000e+01 5.709000e+01 5.708000e+01 5.706000e+01 5.703000e+01 5.700000e+01 5.696000e+01 5.692000e+01 5.687000e+01 5.681000e+01 5.675000e+01 5.668000e+01 5.661000e+01 5.653000e+01 5.644000e+01 5.635000e+01 5.626000e+01 5.616000e+01 5.606000e+01 5.595000e+01 5.585000e+01 5.575000e+01 5.566000e+01 5.557000e+01 5.550000e+01 5.546000e+01 5.544000e+01 5.545000e+01 5.550000e+01 5.559000e+01 5.572000e+01 5.590000e+01 5.612000e+01 5.636000e+01 5.661000e+01 5.687000e+01 5.712000e+01 5.734000e+01 5.754000e+01 5.771000e+01 5.785000e+01 5.795000e+01 5.803000e+01 5.806000e+01 5.806000e+01 5.803000e+01 5.795000e+01 5.785000e+01 5.771000e+01 5.754000e+01 5.734000e+01 5.712000e+01 5.687000e+01 5.661000e+01 5.636000e+01 5.612000e+01 5.590000e+01 5.572000e+01 5.559000e+01 5.550000e+01 5.545000e+01 5.544000e+01 5.546000e+01 5.550000e+01 5.557000e+01 5.566000e+01 5.575000e+01 5.585000e+01 5.595000e+01 5.606000e+01 5.616000e+01 5.626000e+01 5.635000e+01 5.644000e+01 5.653000e+01 5.661000e+01 5.668000e+01 5.675000e+01 5.681000e+01 5.687000e+01 5.692000e+01 5.696000e+01 5.700000e+01 5.703000e+01 5.706000e+01 5.708000e+01 5.709000e+01 5.710000e+01 5.710000e+01 
4.772000e+01 4.772000e+01 4.771000e+01 4.770000e+01 4.769000e+01 4.767000e+01 4.764000e+01 4.761000e+01 4.758000e+01 4.754000e+01 4.749000e+01 4.744000e+01 4.738000e+01 4.732000e+01 4.725000e+01 4.718000e+01 4.710000e+01 4.702000e+01 4.694000e+01 4.685000e+01 4.676000e+01 4.667000e+01 4.659000e+01 4.650000e+01 4.643000e+01 4.637000e+01 4.633000e+01 4.631000e+01 4.632000e+01 4.637000e+01 4.647000e+01 4.661000e+01 4.680000e+01 4.703000e+01 4.730000e+01 4.759000e+01 4.789000e+01 4.819000e+01 4.846000e+01 4.871000e+01 4.891000e+01 4.907000e+01 4.919000e+01 4.928000e+01 4.932000e+01 4.932000e+01 4.928000e+01 4.919000e+01 4.907000e+01 4.891000e+01 4.871000e+01 4.846000e+01 4.819000e+01 4.789000e+01 4.759000e+01 4.730000e+01 4.703000e+01 4.680000e+01 4.661000e+01 4.647000e+01 4.637000e+01 4.632000e+01 4.631000e+01 4.633000e+01 4.637000e+01 4.643000e+01 4.650000e+01 4.659000e+01 4.667000e+01 4.676000e+01 4.685000e+01 4.694000e+01 4.702000e+01 4.710000e+01 4.718000e+01 4.725000e+01 4.732000e+01 4.738000e+01 4.744000e+01 4.749000e+01 4.754000e+01 4.758000e+01 4.761000e+01 4.764000e+01 4.767000e+01 4.769000e+01 4.770000e+01 4.771000e+01 4.772000e+01 4.772000e+01 
3.834000e+01 3.835000e+01 3.835000e+01 3.834000e+01 3.833000e+01 3.832000e+01 3.830000e+01 3.827000e+01 3.825000e+01 3.821000e+01 3.817000e+01 3.813000e+01 3.809000e+01 3.804000e+01 3.798000e+01 3.792000e+01 3.786000e+01 3.780000e+01 3.773000e+01 3.766000e+01 3.758000e+01 3.751000e+01 3.744000e+01 3.737000e+01 3.730000e+01 3.725000e+01 3.721000e+01 3.719000e+01 3.720000e+01 3.724000e+01 3.732000e+01 3.746000e+01 3.764000e+01 3.787000e+01 3.815000e+01 3.847000e+01 3.881000e+01 3.915000e+01 3.947000e+01 3.976000e+01 4.001000e+01 4.021000e+01 4.036000e+01 4.045000e+01 4.050000e+01 4.050000e+01 4.045000e+01 4.036000e+01 4.021000e+01 4.001000e+01 3.976000e+01 3.947000e+01 3.915000e+01 3.881000e+01 3.847000e+01 3.815000e+01 3.787000e+01 3.764000e+01 3.746000e+01 3.732000e+01 3.724000e+01 3.720000e+01 3.719000e+01 3.721000e+01 3.725000e+01 3.730000e+01 3.737000e+01 3.744000e+01 3.751000e+01 3.758000e+01 3.766000e+01 3.773000e+01 3.780000e+01 3.786000e+01 3.792000e+01 3.798000e+01 3.804000e+01 3.809000e+01 3.813000e+01 3.817000e+01 3.821000e+01 3.825000e+01 3.827000e+01 3.830000e+01 3.832000e+01 3.833000e+01 3.834000e+01 3.835000e+01 3.835000e+01 3.834000e+01 
2.897000e+01 2.898000e+01 2.899000e+01 2.899000e+01 2.899000e+01 2.898000e+01 2.896000e+01 2.894000e+01 2.892000e+01 2.890000e+01 2.887000e+01 2.884000e+01 2.880000e+01 2.877000e+01 2.872000e+01 2.868000e+01 2.863000e+01 2.858000e+01 2.853000e+01 2.847000e+01 2.842000e+01 2.836000e+01 2.830000e+01 2.824000e+01 2.819000e+01 2.815000e+01 2.811000e+01 2.809000e+01 2.809000e+01 2.812000e+01 2.818000e+01 2.829000e+01 2.845000e+01 2.866000e+01 2.892000e+01 2.923000e+01 2.958000e+01 2.995000e+01 3.031000e+01 3.064000e+01 3.094000e+01 3.118000e+01 3.136000e+01 3.148000e+01 3.154000e+01 3.154000e+01 3.148000e+01 3.136000e+01 3.118000e+01 3.094000e+01 3.064000e+01 3.031000e+01 2.995000e+01 2.958000e+01 2.923000e+01 2.892000e+01 2.866000e+01 2.845000e+01 2.829000e+01 2.818000e+01 2.812000e+01 2.809000e+01 2.809000e+01 2.811000e+01 2.815000e+01 2.819000e+01 2.824000e+01 2.830000e+01 2.836000e+01 2.842000e+01 2.847000e+01 2.853000e+01 2.858000e+01 2.863000e+01 2.868000e+01 2.872000e+01 2.877000e+01 2.880000e+01 2.884000e+01 2.887000e+01 2.890000e+01 2.892000e+01 2.894000e+01 2.896000e+01 2.898000e+01 2.899000e+01 2.899000e+01 2.899000e+01 2.898000e+01 2.897000e+01 
1.959000e+01 1.962000e+01 1.964000e+01 1.965000e+01 1.965000e+01 1.964000e+01 1.963000e+01 1.962000e+01 1.961000e+01 1.959000e+01 1.957000e+01 1.955000e+01 1.953000e+01 1.950000e+01 1.948000e+01 1.945000e+01 1.941000e+01 1.938000e+01 1.934000e+01 1.931000e+01 1.927000e+01 1.923000e+01 1.918000e+01 1.914000e+01 1.910000e+01 1.907000e+01 1.904000e+01 1.902000e+01 1.901000e+01 1.902000e+01 1.906000e+01 1.913000e+01 1.924000e+01 1.940000e+01 1.961000e+01 1.988000e+01 2.019000e+01 2.054000e+01 2.090000e+01 2.126000e+01 2.158000e+01 2.186000e+01 2.207000e+01 2.222000e+01 2.230000e+01 2.230000e+01 2.222000e+01 2.207000e+01 2.186000e+01 2.158000e+01 2.126000e+01 2.090000e+01 2.054000e+01 2.019000e+01 1.988000e+01 1.961000e+01 1.940000e+01 1.924000e+01 1.913000e+01 1.906000e+01 1.902000e+01 1.901000e+01 1.902000e+01 1.904000e+01 1.907000e+01 1.910000e+01 1.914000e+01 1.918000e+01 1.923000e+01 1.927000e+01 1.931000e+01 1.934000e+01 1.938000e+01 1.941000e+01 1.945000e+01 1.948000e+01 1.950000e+01 1.953000e+01 1.955000e+01 1.957000e+01 1.959000e+01 1.961000e+01 1.962000e+01 1.963000e+01 1.964000e+01 1.965000e+01 1.965000e+01 1.964000e+01 1.962000e+01 1.959000e+01 
1.018000e+01 1.028000e+01 1.031000e+01 1.032000e+01 1.032000e+01 1.032000e+01 1.031000e+01 1.031000e+01 1.030000e+01 1.029000e+01 1.028000e+01 1.027000e+01 1.026000e+01 1.025000e+01 1.023000e+01 1.022000e+01 1.020000e+01 1.019000e+01 1.017000e+01 1.015000e+01 1.013000e+01 1.011000e+01 1.008000e+01 1.006000e+01 1.004000e+01 1.002000e+01 9.998000e+00 9.983000e+00 9.973000e+00 9.972000e+00 9.984000e+00 1.001000e+01 1.007000e+01 1.015000e+01 1.027000e+01 1.043000e+01 1.064000e+01 1.089000e+01 1.117000e+01 1.147000e+01 1.176000e+01 1.202000e+01 1.223000e+01 1.238000e+01 1.246000e+01 1.246000e+01 1.238000e+01 1.223000e+01 1.202000e+01 1.176000e+01 1.147000e+01 1.117000e+01 1.089000e+01 1.064000e+01 1.043000e+01 1.027000e+01 1.015000e+01 1.007000e+01 1.001000e+01 9.984000e+00 9.972000e+00 9.973000e+00 9.983000e+00 9.998000e+00 1.002000e+01 1.004000e+01 1.006000e+01 1.008000e+01 1.011000e+01 1.013000e+01 1.015000e+01 1.017000e+01 1.019000e+01 1.020000e+01 1.022000e+01 1.023000e+01 1.025000e+01 1.026000e+01 1.027000e+01 1.028000e+01 1.029000e+01 1.030000e+01 1.031000e+01 1.031000e+01 1.032000e+01 1.032000e+01 1.032000e+01 1.031000e+01 1.028000e+01 1.018000e+01 
6.864000e-01 1.000000e+00 1.000000e+00 1.000000e+00 1.000000e+00 1.000000e+00 1.000000e+00 1.000000e+00 1.000000e+00 1.000000e+00 1.000000e+00 1.000000e+00 1.000000e+00 1.000000e+00 1.000000e+00 1.000000e+00 1.000000e+00 1.000000e+00 1.000000e+00 1.000000e+00 1.000000e+00 1.000000e+00 1.000000e+00 1.000000e+00 1.000000e+00 1.000000e+00 1.000000e+00 1.000000e+00 1.000000e+00 1.000000e+00 1.000000e+00 1.000000e+00 1.000000e+00 1.000000e+00 1.000000e+00 1.000000e+00 1.000000e+00 1.000000e+00 1.000000e+00 1.000000e+00 1.000000e+00 1.000000e+00 1.000000e+00 1.000000e+00 1.000000e+00 1.000000e+00 1.000000e+00 1.000000e+00 1.000000e+00 1.000000e+00 1.000000e+00 1.000000e+00 1.000000e+00 1.000000e+00 1.000000e+00 1.000000e+00 1.000000e+00 1.000000e+00 1.000000e+00 1.000000e+00 1.000000e+00 1.000000e+00 1.000000e+00 1.000000e+00 1.000000e+00 1.000000e+00 1.000000e+00 1.000000e+00 1.000000e+00 1.000000e+00 1.000000e+00 1.000000e+00 1.000000e+00 1.000000e+00 1.000000e+00 1.000000e+00 1.000000e+00 1.000000e+00 1.000000e+00 1.000000e+00 1.000000e+00 1.000000e+00 1.000000e+00 1.000000e+00 1.000000e+00 1.000000e+00 1.000000e+00 1.000000e+00 1.000000e+00 6.864000e-01 
